_viz_net_graph = nengo_gui.components.NetGraph()
_viz_progress = nengo_gui.components.Progress()
_viz_config[_viz_progress].x = 0
_viz_config[_viz_progress].y = 0
_viz_config[_viz_progress].width = 100
_viz_config[_viz_progress].height = 100
_viz_config[_viz_progress].label_visible = True
_viz_sim_control = nengo_gui.components.SimControl()
_viz_config[_viz_sim_control].shown_time = 0.5
_viz_config[_viz_sim_control].kept_time = 4.0
_viz_config[model].pos=(0.38128034974555214, 0.3449673575474024)
_viz_config[model].size=(0.4824251233006673, 0.4824251233006673)
_viz_config[model].expanded=True
_viz_config[model].has_layout=True
_viz_config[start_signal].pos=(0.9035061106163389, 1.1223757989497856)
_viz_config[start_signal].size=(0.0547945205479452, 0.057895077203593145)
_viz_config[state].pos=(0.6449663990147865, 0.9615313725042282)
_viz_config[state].size=(0.0684931506849315, 0.06369426751592357)
_viz_config[thresh_x1].pos=(0.3956479473467692, 0.557155689812803)
_viz_config[thresh_x1].size=(0.0684931506849315, 0.06369426751592357)
_viz_config[thresh_x2].pos=(0.8613760816315952, 0.5474386754538465)
_viz_config[thresh_x2].size=(0.0684931506849315, 0.06369426751592357)
_viz_config[x1].pos=(0.38603609345495843, 0.29137059727614906)
_viz_config[x1].size=(0.0684931506849315, 0.06369426751592357)
_viz_config[x2].pos=(0.863059320056879, 0.24209349505626637)
_viz_config[x2].size=(0.0684931506849315, 0.06369426751592357)